20200003794901
20200103758562
20200203773025
20200303791001
20200403869031
20200503896081
20200603917855
20200703978143
20200803903983
20200904223778
20201004230322
20201104027959
20201203941299
20201303923270
20201403933929
20201503952423
20201603853629
20201704012263
20201803936904
20201904064299
20202004037599
20202103764802
20202203555718
20202303489233
20202403409873
20202503421099
20202603328203
20202703434987
20202803450602
20202904087176
20203003999004
20203103810183
20203203774385
20203303840938
20203404086860
20203504288078
20203604349620
20203704469476
20203804290207
20203904782575
20204004666685
20204104493582
20204204487560
20204304424004
20204404407398
20204504268017
20204604033859
20204703958468
20204803681489
20204903863960
20205003720935
20205103504329
20205203475657
20205303754218
20205402769220
20205502749739
20205602786795
20205702947472
20205802404462
20205902418766
20206002259141
20206102179759
20206202132873
20206302030730
20206402051769
20206502033933
20206601862107
20206701849893
20206801788769
20206901875238
20207001843087
20207101784744
20207201802080
20207301674285
20207401621378
20207501610943
20207601530137
20207701450062
20207801456186
20207901367231
20208001172978
20208101065672
20208200963587
20208300890893
20208400807104
20208504259173
01100000017917
01100100017802
01100200017701
01100300017613
01100400017536
01100500017470
01100600017414
01100700017366
01100800017327
01100900017293
01101000017263
01101100017233
01101200017199
01101300017160
01101400017115
01101500017069
01101600017018
01101700016952
01101800016866
01101900016765
01102000016656
01102100016546
01102200016434
01102300016323
01102400016212
01102500016094
01102600015971
01102700015851
01102800015735
01102900015621
01103000015504
01103100015376
01103200015233
01103300015070
01103400014890
01103500014702
01103600014510
01103700014307
01103800014091
01103900013865
01104000013629
01104100013391
01104200013163
01104300012949
01104400012745
01104500012538
01104600012320
01104700012091
01104800011845
01104900011585
01105000011320
01105100011048
01105200010757
01105300010443
01105400010113
01105500009774
01105600009435
01105700009095
01105800008757
01105900008423
01106000008087
01106100007750
01106200007425
01106300007113
01106400006812
01106500006517
01106600006221
01106700005923
01106800005618
01106900005311
01107000005005
01107100004706
01107200004412
01107300004125
01107400003844
01107500003569
01107600003300
01107700003035
01107800002773
01107900002518
01108000002271
01108100002033
01108200001807
01108300001594
01108400001392
01108500006348
01700000376321
01700100379990
01700200383179
01700300383741
01700400375833
01700500366757
01700600361038
01700700363440
01700800358621
01700900360577
01701000365198
01701100376458
01701200379838
01701300391245
01701400405425
01701500426802
01701600440145
01701700446524
01701800455872
01701900469609
01702000479650
01702100484077
01702200470052
01702300458775
01702400461800
01702500471522
01702600475052
01702700474287
01702800475287
01702900473693
01703000479377
01703100472955
01703200462922
01703300455951
01703400456750
01703500457914
01703600458413
01703700448563
01703800450150
01703900458047
01704000480129
01704100478010
01704200475541
01704300473014
01704400479224
01704500506180
01704600541424
01704700557834
01704800562501
01704900551970
01705000558958
01705100548847
01705200536639
01705300529913
01705400516903
01705500501158
01705600493948
01705700473623
01705800451080
01705900433281
01706000424456
01706100414501
01706200405624
01706300404282
01706400401580
01706500344130
01706600317981
01706700306903
01706800292908
01706900271018
01707000257990
01707100240638
01707200230156
01707300218638
01707400206400
01707500200626
01707600190737
01707700180672
01707800176879
01707900170424
01708000163436
01708100152274
01708200138753
01708300129386
01708400117291
01708500643070
